[
    {
        "name": "TBase2EE_000.npz",
        "image": "color_image_000.png",
        "transform": [
            [
                -0.9846934791033848,
                0.16772973224671262,
                -0.04738659232017235,
                -0.018495434351785092
            ],
            [
                0.16847183991503467,
                0.9856322194273789,
                -0.012098230544266527,
                -0.5842420012762801
            ],
            [
                0.044676519189783034,
                -0.01989635512111173,
                -0.9988033558643963,
                0.563267793157701
            ],
            [
                0.0,
                0.0,
                0.0,
                1.0
            ]
        ]
    },
    {
        "name": "TBase2EE_001.npz",
        "image": "color_image_001.png",
        "transform": [
            [
                -0.9900226886244154,
                0.14085035177265273,
                0.004031676376427262,
                -0.022603055511737254
            ],
            [
                0.13646923085118215,
                0.9655679302568467,
                -0.22148300406666857,
                -0.48808506868196366
            ],
            [
                -0.035088816448706435,
                -0.21872299939656362,
                -0.9751558975339276,
                0.518067509347752
            ],
            [
                0.0,
                0.0,
                0.0,
                1.0
            ]
        ]
    },
    {
        "name": "TBase2EE_002.npz",
        "image": "color_image_002.png",
        "transform": [
            [
                -0.9601949437923958,
                0.27815343967624384,
                0.025619014653034882,
                -0.07455218192729149
            ],
            [
                0.2749566856585858,
                0.9573427451198202,
                -0.08884643705907819,
                -0.6093072686350929
            ],
            [
                -0.04923911988616281,
                -0.07826578027925898,
                -0.9957158112182989,
                0.4668920705256263
            ],
            [
                0.0,
                0.0,
                0.0,
                1.0
            ]
        ]
    },
    {
        "name": "TBase2EE_003.npz",
        "image": "color_image_003.png",
        "transform": [
            [
                -0.9568730484096859,
                0.29048397111891844,
                0.0036099515424143445,
                -0.07508330726340032
            ],
            [
                0.29032642234217,
                0.9557690491596527,
                0.04707539865417386,
                -0.711492057891586
            ],
            [
                0.010224368789864829,
                0.04609324453145831,
                -0.9988848157277255,
                0.5501283471086972
            ],
            [
                0.0,
                0.0,
                0.0,
                1.0
            ]
        ]
    },
    {
        "name": "TBase2EE_004.npz",
        "image": "color_image_004.png",
        "transform": [
            [
                -0.9916785385017677,
                0.09864808850913406,
                -0.08271777867237516,
                0.051555669095254525
            ],
            [
                0.08982019797005711,
                0.9904715606507684,
                0.10439549596918,
                -0.6816490620674162
            ],
            [
                0.09222802346151489,
                0.0960970456128875,
                -0.9910899805329769,
                0.5729877366723491
            ],
            [
                0.0,
                0.0,
                0.0,
                1.0
            ]
        ]
    },
    {
        "name": "TBase2EE_005.npz",
        "image": "color_image_005.png",
        "transform": [
            [
                -0.9651048420519808,
                0.02122388973969051,
                -0.2610022803581212,
                0.10481884277435385
            ],
            [
                0.0280689655077468,
                0.9993521448879749,
                -0.022526066747860632,
                -0.7221023123169292
            ],
            [
                0.2603550979396155,
                -0.029066080095561768,
                -0.9650753265754608,
                0.5356627462241429
            ],
            [
                0.0,
                0.0,
                0.0,
                1.0
            ]
        ]
    },
    {
        "name": "TBase2EE_006.npz",
        "image": "color_image_006.png",
        "transform": [
            [
                -0.9872441135244876,
                0.03433168328313234,
                -0.15546831135056416,
                0.09434323708837036
            ],
            [
                0.02286507229096898,
                0.9969249445824274,
                0.07495227373771102,
                -0.6605682993677381
            ],
            [
                0.15756347540079846,
                0.07044139686484571,
                -0.984993279584867,
                0.5890516226774363
            ],
            [
                0.0,
                0.0,
                0.0,
                1.0
            ]
        ]
    },
    {
        "name": "TBase2EE_007.npz",
        "image": "color_image_007.png",
        "transform": [
            [
                -0.9852683044643917,
                0.14224793027470908,
                0.09493099889089736,
                0.022034843573254567
            ],
            [
                0.13698864017560428,
                0.9887644917672525,
                -0.05982384376722848,
                -0.5853135065373528
            ],
            [
                -0.10237421882828153,
                -0.04593806866650406,
                -0.9936846648542434,
                0.5971267438382608
            ],
            [
                0.0,
                0.0,
                0.0,
                1.0
            ]
        ]
    },
    {
        "name": "TBase2EE_008.npz",
        "image": "color_image_008.png",
        "transform": [
            [
                -0.9937866071253916,
                0.06756841019597107,
                0.08844596905338092,
                -0.0735134353416276
            ],
            [
                0.06630064610664796,
                0.9976514811203121,
                -0.017197283049613613,
                -0.5890933642121605
            ],
            [
                -0.08940024510057928,
                -0.011226404679882776,
                -0.9959325097685685,
                0.5634119018733584
            ],
            [
                0.0,
                0.0,
                0.0,
                1.0
            ]
        ]
    },
    {
        "name": "TBase2EE_009.npz",
        "image": "color_image_009.png",
        "transform": [
            [
                -0.9699525278153973,
                0.2280571882625745,
                0.08474675608122226,
                -0.06603368574005616
            ],
            [
                0.23010758970143855,
                0.9730474343755766,
                0.015138943718187197,
                -0.6348385225228512
            ],
            [
                -0.07901006863885096,
                0.034184928504776474,
                -0.9962875085620655,
                0.5747993372709125
            ],
            [
                0.0,
                0.0,
                0.0,
                1.0
            ]
        ]
    },
    {
        "name": "TBase2EE_010.npz",
        "image": "color_image_010.png",
        "transform": [
            [
                -0.9242085190587059,
                0.37205252788646076,
                0.08611347044805333,
                -0.04891258428272413
            ],
            [
                0.3735344237723835,
                0.9276155624822637,
                0.001184270976927991,
                -0.7088785206722358
            ],
            [
                -0.07943958431630217,
                0.033260858888604604,
                -0.9962846318746692,
                0.5409168972193177
            ],
            [
                0.0,
                0.0,
                0.0,
                1.0
            ]
        ]
    },
    {
        "name": "TBase2EE_011.npz",
        "image": "color_image_011.png",
        "transform": [
            [
                -0.9261568869124266,
                -0.3770421103618609,
                0.008524543304889318,
                -0.13516835466588534
            ],
            [
                -0.37682259234544163,
                0.9260696742616048,
                0.019992306296828678,
                -0.7087088751960972
            ],
            [
                -0.0154322623987448,
                0.01530377165536118,
                -0.9997637920280853,
                0.5216149197318228
            ],
            [
                0.0,
                0.0,
                0.0,
                1.0
            ]
        ]
    },
    {
        "name": "TBase2EE_012.npz",
        "image": "color_image_012.png",
        "transform": [
            [
                -0.8697472079290749,
                -0.4933952757359145,
                0.010044709107778344,
                -0.14729038315767953
            ],
            [
                -0.4930515889925557,
                0.8679162061849148,
                -0.06017964467741875,
                -0.6299955743973146
            ],
            [
                0.020974386558250343,
                -0.05729363771890687,
                -0.9981370217487378,
                0.5426106121517923
            ],
            [
                0.0,
                0.0,
                0.0,
                1.0
            ]
        ]
    },
    {
        "name": "TBase2EE_013.npz",
        "image": "color_image_013.png",
        "transform": [
            [
                -0.8548092505001292,
                -0.5187991045417344,
                -0.012191570288614204,
                -0.169497187728826
            ],
            [
                -0.5143545477860629,
                0.8501353328943764,
                -0.11273559746753706,
                -0.6102094901875532
            ],
            [
                0.06885161168195186,
                -0.09009664195330744,
                -0.9935502255434978,
                0.49747396943236766
            ],
            [
                0.0,
                0.0,
                0.0,
                1.0
            ]
        ]
    },
    {
        "name": "TBase2EE_014.npz",
        "image": "color_image_014.png",
        "transform": [
            [
                -0.9335446364982662,
                -0.3533329574300878,
                0.060417156992266956,
                -0.16626528174705274
            ],
            [
                -0.3584460944450338,
                0.921696321617602,
                -0.14829797063238587,
                -0.5405498188364066
            ],
            [
                -0.0032877108179444267,
                -0.16009906904879173,
                -0.9870954761558215,
                0.4709781990777271
            ],
            [
                0.0,
                0.0,
                0.0,
                1.0
            ]
        ]
    },
    {
        "name": "TBase2EE_015.npz",
        "image": "color_image_015.png",
        "transform": [
            [
                -0.9685335125831862,
                -0.2456200470261057,
                0.040169982601049634,
                -0.14957763895838458
            ],
            [
                -0.23912308327182794,
                0.8735954947618976,
                -0.42385264252837895,
                -0.3133632426255809
            ],
            [
                0.06901439016501884,
                -0.4201210587802151,
                -0.9048399360768409,
                0.6707489759211406
            ],
            [
                0.0,
                0.0,
                0.0,
                1.0
            ]
        ]
    },
    {
        "name": "TBase2EE_016.npz",
        "image": "color_image_016.png",
        "transform": [
            [
                -0.9825559826512331,
                -0.005891273809624752,
                0.18587370402821893,
                -0.242804817672831
            ],
            [
                -0.06144745020606817,
                0.9536447295508326,
                -0.29459453603740193,
                -0.31590066449581977
            ],
            [
                -0.17552194113398664,
                -0.30087708901280497,
                -0.9373713380980551,
                0.6146625630773294
            ],
            [
                0.0,
                0.0,
                0.0,
                1.0
            ]
        ]
    },
    {
        "name": "TBase2EE_017.npz",
        "image": "color_image_017.png",
        "transform": [
            [
                -0.777435796465904,
                -0.6287811083549633,
                -0.015096362122361366,
                -0.17421305768709736
            ],
            [
                -0.6239584989316771,
                0.7740501833904154,
                -0.10734106951299051,
                -0.5733206939061735
            ],
            [
                0.07917937852972726,
                -0.07403128642113611,
                -0.9941076373544657,
                0.5110709319680781
            ],
            [
                0.0,
                0.0,
                0.0,
                1.0
            ]
        ]
    },
    {
        "name": "TBase2EE_018.npz",
        "image": "color_image_018.png",
        "transform": [
            [
                -0.9660169482628633,
                -0.25178762154479645,
                -0.058431577984161674,
                -0.1394274026741094
            ],
            [
                -0.25615296703503426,
                0.9628002639529273,
                0.08603086197012243,
                -0.69575271394193
            ],
            [
                0.034596432591431116,
                0.09807469280598329,
                -0.99457751909188,
                0.4919652793772512
            ],
            [
                0.0,
                0.0,
                0.0,
                1.0
            ]
        ]
    },
    {
        "name": "TBase2EE_019.npz",
        "image": "color_image_019.png",
        "transform": [
            [
                -0.9642597367805157,
                -0.250406709556823,
                0.08660046092773022,
                -0.12542756828884127
            ],
            [
                -0.23109144346959867,
                0.954705491710695,
                0.1874411076913957,
                -0.7627449937463787
            ],
            [
                -0.12961444664507,
                0.16072928764343178,
                -0.9784509141058264,
                0.45062765646949143
            ],
            [
                0.0,
                0.0,
                0.0,
                1.0
            ]
        ]
    },
    {
        "name": "TBase2EE_020.npz",
        "image": "color_image_020.png",
        "transform": [
            [
                -0.8847867766368929,
                -0.24064881513948005,
                0.3990495052752994,
                -0.2855836118569456
            ],
            [
                -0.20477548454852312,
                0.9700118633711555,
                0.13093504438131248,
                -0.701387552211312
            ],
            [
                -0.41859211748002906,
                0.0341340400653521,
                -0.9075326476179257,
                0.47398573686917034
            ],
            [
                0.0,
                0.0,
                0.0,
                1.0
            ]
        ]
    },
    {
        "name": "TBase2EE_021.npz",
        "image": "color_image_021.png",
        "transform": [
            [
                -0.8824559382994808,
                -0.17284117553133038,
                0.4374899370281907,
                -0.30398008884796335
            ],
            [
                -0.17010831328768988,
                0.9843617276941409,
                0.04577281727644824,
                -0.6073056410671647
            ],
            [
                -0.4385597778073128,
                -0.03402818084990437,
                -0.8980575728747273,
                0.5026453675928084
            ],
            [
                0.0,
                0.0,
                0.0,
                1.0
            ]
        ]
    },
    {
        "name": "TBase2EE_022.npz",
        "image": "color_image_022.png",
        "transform": [
            [
                -0.8296606594715787,
                -0.29077919752222064,
                0.47656127456342817,
                -0.3907288795363894
            ],
            [
                -0.38622399107851807,
                0.9153482735498679,
                -0.11387961549222453,
                -0.48712749222155033
            ],
            [
                -0.40310571670539047,
                -0.27854083434500143,
                -0.8717343544691953,
                0.524747463551432
            ],
            [
                0.0,
                0.0,
                0.0,
                1.0
            ]
        ]
    },
    {
        "name": "TBase2EE_023.npz",
        "image": "color_image_023.png",
        "transform": [
            [
                -0.8220156596237931,
                -0.3464831812415427,
                0.45192882232714543,
                -0.3360331570567675
            ],
            [
                -0.4427194489703851,
                0.8879786722920511,
                -0.1244723545925151,
                -0.44616229153155107
            ],
            [
                -0.35817557822472884,
                -0.3023959038598019,
                -0.8833272171127722,
                0.5988476816397765
            ],
            [
                0.0,
                0.0,
                0.0,
                1.0
            ]
        ]
    }
]