[
    {
        "name": "test1",
        "parent_frame": "base_link",
        "frame": "tool0",
        "position": {
            "x": 0.11850075270198296,
            "y": -0.471014728414283,
            "z": 0.5284027726389368
        },
        "orientation": {
            "qx": 0.054319595623441956,
            "qy": 0.9983814650308867,
            "qz": 0.01120055324048519,
            "qw": -0.012584888604718621
        },
        "transform": [
            [
                0.9994323363718277,
                0.023732061626732855,
                -0.023912219999295006,
                0.11850075270198296
            ],
            [
                0.020997637386835345,
                -0.9938478582768258,
                -0.10874527034652011,
                -0.471014728414283
            ],
            [
                -0.02634585809042296,
                0.10818143948714921,
                -0.9937820042202254,
                0.5284027726389368
            ],
            [
                0.0,
                0.0,
                0.0,
                1.0
            ]
        ]
    },
    {
        "name": "test2",
        "parent_frame": "base_link",
        "frame": "tool0",
        "position": {
            "x": -0.027263700618579217,
            "y": -0.453151115334478,
            "z": 0.5879508784428832
        },
        "orientation": {
            "qx": 0.027186431733221893,
            "qy": 0.9314212942296947,
            "qz": 0.010134430820003787,
            "qw": -0.3627844592827126
        },
        "transform": [
            [
                0.7365694588298088,
                0.038604479213625024,
                -0.675259303159762,
                -0.027263700618579217
            ],
            [
                -0.0008467805310281018,
                -0.9983163824831387,
                -0.0579972708712358,
                -0.453151115334478
            ],
            [
                -0.6763613792063343,
                0.04329081485054328,
                -0.7352966680651294,
                0.5879508784428832
            ],
            [
                0.0,
                0.0,
                0.0,
                1.0
            ]
        ]
    },
    {
        "name": "brick",
        "parent_frame": "base_link",
        "frame": "tool0",
        "position": {
            "x": 0.08385352407816563,
            "y": -0.6604550902225395,
            "z": 0.5065364190223808
        },
        "orientation": {
            "qx": 0.024727217258802614,
            "qy": 0.999275986607027,
            "qz": -0.02812935604396748,
            "qw": 0.006693776642558517
        },
        "transform": [
            [
                0.9983278653656225,
                -0.05654901696555677,
                0.011986739120740678,
                0.08385352407816563
            ],
            [
                -0.055886943088267,
                -0.9971946081103753,
                -0.049795212097587215,
                -0.6604550902225395
            ],
            [
                0.014768981913738263,
                0.049042045591757934,
                -0.998687516161791,
                0.5065364190223808
            ],
            [
                0.0,
                0.0,
                0.0,
                1.0
            ]
        ]
    }
]